Performance
-----------


Duration:	29.1023s
#Frames:	31351
Average:	0.000928273s
FPS:		1077.27

0.00740506s away from 120fps

Clear:		4.2976e-06s   ->   0.462968%
Windows:	1.01144e-05s   ->   1.08959%
Update:		1.04979e-05s   ->   1.13091%
Draw:		0.000895926s   ->   96.5154%
