Performance
-----------


Duration:	22.4112s
#Frames:	2571
Average:	0.00871692s
FPS:		114.719

-0.000383588s away from 120fps

Clear:		8.39191e-06s   ->   0.0962714%
Windows:	0.000570886s   ->   6.54917%
Update:		0.000121764s   ->   1.39686%
Draw:		0.00800527s   ->   91.836%
