Performance
-----------


Duration:	2.61201s
#Frames:	316
Average:	0.00826587s
FPS:		120.979

6.74641e-05s away from 120fps

Clear:		7.68355e-06s   ->   0.0929551%
Windows:	0.000785287s   ->   9.50036%
Update:		0.000124236s   ->   1.503%
Draw:		0.0073372s   ->   88.765%
