Performance
-----------


Duration:	408.806s
#Frames:	488728
Average:	0.000836469s
FPS:		1195.5

0.00749686s away from 120fps

Clear:		5.62009e-06s   ->   0.671882%
Windows:	9.92801e-06s   ->   1.18689%
Update:		6.86542e-05s   ->   8.20762%
Draw:		0.000744407s   ->   88.994%
