Performance
-----------


Duration:	3.80032s
#Frames:	4454
Average:	0.000853236s
FPS:		1172.01

0.0074801s away from 120fps

Clear:		4.74746e-06s   ->   0.556407%
Windows:	0.000113669s   ->   13.3222%
Update:		7.17274e-05s   ->   8.40651%
Draw:		0.000655136s   ->   76.7825%
