Performance
-----------


Duration:	3.24415s
#Frames:	321
Average:	0.0101064s
FPS:		98.9475

-0.00177304s away from 120fps

Clear:		1.28358e-05s   ->   0.127007%
Windows:	0.00173844s   ->   17.2014%
Update:		8.62038e-05s   ->   0.852964%
Draw:		0.00828171s   ->   81.9454%
