Performance
-----------


Duration:	1.04912s
#Frames:	132
Average:	0.00794786s
FPS:		125.82

0.00038547s away from 120fps

Clear:		6.71136e-06s   ->   0.0844423%
Windows:	0.00012657s   ->   1.5925%
Update:		0.000111645s   ->   1.40472%
Draw:		0.00769472s   ->   96.815%
