Performance
-----------


Duration:	1.43608s
#Frames:	1681
Average:	0.0008543s
FPS:		1170.55

0.00747903s away from 120fps

Clear:		6.43896e-06s   ->   0.753712%
Windows:	9.96856e-05s   ->   11.6687%
Update:		8.21792e-05s   ->   9.61948%
Draw:		0.000657569s   ->   76.9717%
