Performance
-----------


Duration:	4.37811s
#Frames:	4705
Average:	0.000930523s
FPS:		1074.66

0.00740281s away from 120fps

Clear:		5.39932e-06s   ->   0.580246%
Windows:	8.39662e-05s   ->   9.02355%
Update:		3.81095e-06s   ->   0.409549%
Draw:		0.00082894s   ->   89.0832%
