Performance
-----------


Duration:	39.2365s
#Frames:	44646
Average:	0.000878835s
FPS:		1137.87

0.0074545s away from 120fps

Clear:		6.22842e-06s   ->   0.708713%
Windows:	8.49188e-06s   ->   0.966266%
Update:		0.000139069s   ->   15.8243%
Draw:		0.000716969s   ->   81.5817%
