Performance
-----------


Duration:	1.13158s
#Frames:	133
Average:	0.00850812s
FPS:		117.535

-0.000174788s away from 120fps

Clear:		9.3015e-06s   ->   0.109325%
Windows:	0.000444286s   ->   5.2219%
Update:		0.00011332s   ->   1.33191%
Draw:		0.00798369s   ->   93.8361%
