Performance
-----------


Duration:	12.5146s
#Frames:	14489
Average:	0.000863729s
FPS:		1157.77

0.0074696s away from 120fps

Clear:		5.55018e-06s   ->   0.642584%
Windows:	2.80733e-05s   ->   3.25025%
Update:		6.77296e-05s   ->   7.84154%
Draw:		0.000754375s   ->   87.3393%
