Performance
-----------


Duration:	20.2252s
#Frames:	23492
Average:	0.000860941s
FPS:		1161.52

0.00747239s away from 120fps

Clear:		6.6803e-06s   ->   0.775931%
Windows:	1.64321e-05s   ->   1.90862%
Update:		0.000231851s   ->   26.93%
Draw:		0.000597522s   ->   69.4033%
