Performance
-----------


Duration:	18.7763s
#Frames:	20918
Average:	0.000897616s
FPS:		1114.06

0.00743572s away from 120fps

Clear:		5.81719e-06s   ->   0.648071%
Windows:	2.31187e-05s   ->   2.57557%
Update:		8.16404e-05s   ->   9.09524%
Draw:		0.000779s   ->   86.7854%
