Performance
-----------


Duration:	9.74078s
#Frames:	12435
Average:	0.000783336s
FPS:		1276.59

0.00755s away from 120fps

Clear:		5.70506e-06s   ->   0.728304%
Windows:	1.5086e-05s   ->   1.92587%
Update:		0.000220365s   ->   28.1316%
Draw:		0.000534711s   ->   68.2608%
