Performance
-----------


Duration:	21.1733s
#Frames:	28633
Average:	0.000739472s
FPS:		1352.32

0.00759386s away from 120fps

Clear:		5.66429e-06s   ->   0.76599%
Windows:	8.75843e-06s   ->   1.18442%
Update:		0.000199202s   ->   26.9384%
Draw:		0.00051853s   ->   70.1216%
