Performance
-----------


Duration:	8.13158s
#Frames:	9561
Average:	0.000850494s
FPS:		1175.79

0.00748284s away from 120fps

Clear:		5.53768e-06s   ->   0.651113%
Windows:	2.33927e-05s   ->   2.75048%
Update:		5.964e-05s   ->   7.01239%
Draw:		0.000754124s   ->   88.6689%
