Performance
-----------


Duration:	2.15753s
#Frames:	228
Average:	0.00946286s
FPS:		105.676

-0.00112952s away from 120fps

Clear:		8.00747e-06s   ->   0.0846199%
Windows:	0.00133772s   ->   14.1365%
Update:		9.15811e-05s   ->   0.967796%
Draw:		0.00804966s   ->   85.0658%
