Performance
-----------


Duration:	26.6938s
#Frames:	3137
Average:	0.00850933s
FPS:		117.518

-0.000175996s away from 120fps

Clear:		8.63318e-06s   ->   0.101455%
Windows:	0.000347496s   ->   4.0837%
Update:		7.1861e-05s   ->   0.844497%
Draw:		0.00806964s   ->   94.8329%
