Performance
-----------


Duration:	5.32786s
#Frames:	568
Average:	0.00938003s
FPS:		106.609

-0.00104669s away from 120fps

Clear:		0.000113021s   ->   1.20491%
Windows:	0.000188369s   ->   2.0082%
Update:		0.000932346s   ->   9.93969%
Draw:		0.00814893s   ->   86.8754%
